750
743
877
723
532
228
663
499
360
251
467
334
722
166
430
504
754
926
854
732
559
694
179
429
830
648
314
626
893
812
955
565
192
502
623
110
729
844
978
488
83
690
222
867
886
406
301
836
546
486
516
450
194
948
5
802
98
127
219
333
462
35
741
136
3
852
889
446
924
966
650
315
89
201
592
771
23
790
245
148
848
174
121
92
785
606
725
874
519
787
550
530
500
109
520
621
302
348
472
260
718
551
678
747
588
75
278
505
299
435
594
240
895
268
677
420
575
576
433
13
555
313
819
627
358
287
312
63
320
855
216
11
597
298
45
693
21
584
655
933
142
149
724
509
189
649
404
734
842
987
554
708
514
380
255
217
936
860
187
888
24
457
328
688
203
799
736
672
483
730
733
935
629
768
412
436
757
913
779
963
411
719
416
748
865
786
706
281
209
342
712
241
570
497
997
70
378
247
994
950
19
951
549
654
613
389
349
41
282
329
845
972
232
196
804
213
975
14
567
364
541
887
691
140
839
90
878
25
739
233
921
468
809
560
351
357
78
508
728
942
976
254
319
815
491
292
792
561
746
87
164
305
309
325
272
73
644
829
258
692
906
473
998
849
60
679
275
922
905
181
777
707
539
332
954
387
536
370
354
667
177
267
208
507
756
42
485
212
397
986
311
125
899
111
239
880
7
4
614
367
17
308
557
38
316
776
533
870
381
393
286
640
803
50
864
300
652
869
340
859
656
939
210
423
784
265
154
962
823
460
425
170
641
821
646
34
261
969
283
593
303
120
611
225
235
9
702
159
374
145
48
938
277
284
391
687
479
970
296
682
202
761
229
197
77
983
211
352
671
141
122
647
639
540
896
908
791
907
463
515
39
22
658
326
167
362
742
989
205
556
923
453
964
780
704
775
441
442
451
680
531
778
178
616
431
456
890
843
755
811
669
294
396
850
28
139
831
176
875
81
369
186
276
103
106
440
645
767
62
184
638
745
379
900
863
917
591
526
361
569
642
421
596
113
439
448
1
738
400
602
347
279
959
230
480
604
713
132
610
971
931
377
346
851
356
489
506
820
826
16
29
822
605
193
56
772
112
944
33
914
107
317
43
574
827
100
764
135
925
274
220
807
293
538
992
477
74
766
323
727
493
861 71
12 471
711 2
119 327
227 478
195 960
805 161
619 603
350 455
566 825
788 64
612 797
774 871
846 990
744 949
816 571
231 385
932 999
564 128
513 911
426 665
615 443
256 157
144 143
548 246
716 705
30 595
168 828
413 553
330 46
249 408
253 953
469 543
44 490
673 26
95 474
288 395
689 116
840 573
853 280
410 476
289 375
681 657
578 215
91 20
273 424
720 617
382 957
941 31
703 88
55 668
697 366
399 698
434 583
200 834
631 102
438 422
345 817
934 165
376 783
96 126
290 740
452 93
372 285
58 991
338 751
609 795
65 581
580 517
146 608
632 752
996 250
894 501
318 525
124 982
620 8
527 884
927 666
558 130
582 79
535 753
147 99
339 481
18 995
415 636
572 454
891 6
837 946
67 234
198 175
684 409
847 482
685 915
236 263
883 0
968 190
511 365
324 562
965 335
306 721
765 695
343 53
432 188
670 137
353 118
534 717
659 470
737 675
156 114
51 155
153 872
937 252
61 82
206 993
458 643
789 714
674 909
873 169
856 262
945 769
862 814
117 160
910 929
383 701
710 524
355 158
291 686
150 344
494 634
637 129
401 226
796 547
414 85
495 36
770 984
916 943
52 903
37 484
625 552
801 123
47 528
304 492
32 204
979 68
307 599
587 428
618 242
940 163
537 66
386 577
76 244
418 806
590 183
521 735
947 57
568 545
15 902
180 466
980 398
151 475
402 522
437 653
368 185
868 662
133 904
841 394
363 607
628 660
589 835
700 750
115 27
223 876
758 726
218 238
624 683
449 243
956 879
919 920
257 182
331 405
885 86
138 882
97 813
105 958
798 760
661 336
715 461
373 419
503 630
173 818
214 392
973 981
600 359
977 447
563 221
781 985
337 407
371 773
94 297
967 108
270 266
518 427
264 898
510 321
833 800
523 162
384 269
101 832
134 824
763 512
496 49
72 585
341 901
388 199
664 952
866 295
10 586
390 794
542 271
622 403
544 892
709 961
80 459
69 84
598 988
676 465
40 172
259 445
131 918
930 974
928 444
808 635
633 858
464 248
171 417
601 498
793 881
152 224
857 207
759 529
651 782
762 810
731 191
838 912
59 310
237 696
897 322
699 579
54 487
749 104
